$ 1 0.000015625 10.20027730826997 50 5 50 5e-11
g 448 416 448 448 0 0
v 368 416 368 208 0 0 40 9 0 0 0.5
w 368 416 448 416 0
34 zener-9.1 1 1.7143528192810002e-7 0 2.0000000000000084 9.1 1
z 496 416 496 208 2 zener-9.1
r 496 208 368 208 0 1000
209 544 256 544 416 0 0.00021999999999999998 8.220892634484004 0.001 1
w 496 208 544 208 0
w 448 416 496 416 0
w 544 416 640 416 0
r 1360 208 1360 304 0 1000
w 544 208 640 208 0
w 1184 208 1360 208 0
c 640 256 640 416 0 1e-7 8.220892544966006 0.001
r 1184 208 1184 304 0 22000
w 992 208 1184 208 0
r 912 208 912 304 0 1800000
w 640 208 912 208 0
w 992 208 912 208 0
w 992 288 992 208 0
r 992 320 992 416 0 10000
r 992 320 1088 320 0 68000
400 960 304 992 304 1 0\s1\s-3.243860964359518\s0.4521295536105878\s100\sdefault 0\s1\s-3.695990517970106\s0.5714996949026654\s100\sdefault 1
r 912 304 912 416 0 2200000
w 864 304 912 304 0
c 864 352 864 416 0 2.1999999999999998e-11 4.977031567903763 0.001
c 864 304 816 304 0 4.6999999999999995e-7 4.477031580565672 0.001
R 736 288 704 288 0 2 400 0.5 0 0 0.5
w 496 416 544 416 0
r 544 208 544 256 0 0.001
r 640 208 640 256 0 0.001
r 864 304 864 352 0 0.001
w 640 416 864 416 0
r 1184 336 1184 400 0 390
t 1136 320 1184 320 0 1 -4.409536316568426 0.5418010806308111 100 default
c 1088 320 1136 320 0 1e-8 3.157448147394464 0.001
t 1296 320 1328 320 0 1 -4.392018579274266 0.5662567987494773 100 default
r 1232 320 1296 320 0 470000
c 1232 304 1232 160 0 2.1999999999999998e-7 4.127214281769296 0.001
x 1111 129 1225 132 4 24 CP3\s(blue)
x 548 565 673 568 4 24 CP6\s(black)
x 1098 8 1228 11 4 24 CP5\s(green)
x 457 530 571 533 4 24 J1P1,2,5,6
x 1377 64 1451 67 4 24 J1P3,4
w 1328 32 1360 32 0
x 1373 39 1509 42 4 24 CP2\s(purple)
w 1232 304 1184 304 0
c 1296 320 1296 160 0 2.1999999999999998e-7 3.079829464035508 0.001
x 1302 152 1438 155 4 24 CP4\s(yellow)
w 1328 304 1360 304 0
r 1328 432 1328 512 0 10000
c 1328 432 1280 432 0 1e-8 2.352135659683837 0.001
r 1136 464 1232 464 0 33000
r 1136 432 1136 320 0 1500
l 1232 512 1184 512 0 1 -0.0000278205013117692 0
r 1136 512 1184 512 0 44
w 1136 464 1136 432 0
r 1232 400 1232 320 0 470000
g 1328 512 1328 528 0 0
x 428 226 438 229 4 8 R2
x 468 314 478 317 4 8 D1
x 1194 324 1204 327 4 8 Q1
x 1335 325 1345 328 4 8 Q2
x 836 328 846 331 4 8 C9
w 816 304 816 16 0
x 663 536 757 539 4 24 J2P1,3,6
g 592 576 592 608 0 0
g 720 544 720 576 0 0
x 619 59 744 62 4 24 CP8\s(black)
w 576 48 608 48 0
x 491 57 565 60 4 24 J2P2,5
g 512 544 512 576 0 0
x 1384 11 1450 14 4 24 output
x 681 255 810 258 4 24 input\s(J2P4)
x 1227 365 1237 368 4 8 R6
x 834 383 848 386 4 8 C10
x 515 342 525 345 4 8 C0
x 610 341 624 344 4 8 C11
x 886 259 900 262 4 8 R13
x 1001 292 1011 295 4 8 Q0
x 966 382 980 385 4 8 R14
x 1033 323 1047 326 4 8 R15
x 1179 466 1189 469 4 8 R5
S 816 304 736 304 0 1 false 0 2
g 736 320 736 352 0 0
x 885 364 899 367 4 8 R16
x 1108 345 1118 348 4 8 C1
w 912 304 960 304 0
w 912 416 992 416 0
w 864 416 912 416 0
x 1155 515 1169 518 4 8 R17
x 1323 476 1333 479 4 8 R8
x 1131 381 1141 384 4 8 R1
x 1179 373 1189 376 4 8 R9
x 1179 260 1189 263 4 8 R4
x 1336 267 1350 270 4 8 R18
x 1296 457 1306 460 4 8 C5
w 1136 432 1280 432 0
w 1232 400 1232 464 0
x 1260 323 1270 326 4 8 R7
x 1205 235 1215 238 4 8 C8
x 1279 256 1289 259 4 8 C6
w 1232 304 1232 320 0
g 1184 400 1184 416 0 0
w 1136 464 1136 512 0
w 1328 432 1328 336 0
x 349 136 473 139 4 24 CP1,7\s(red)
w 368 208 368 160 0
w 1232 512 1232 464 0
g 1264 560 1264 592 0 0
w 1232 560 1264 560 0
r 1280 432 1280 560 0 100000
w 1264 560 1280 560 0
x 1206 543 1216 546 4 8 C3
x 1275 500 1285 503 4 8 R3
209 1232 512 1232 560 0 0.0000047 0.6127506743263927 0.001 1
S 1328 32 1232 32 0 0 false 0 2
174 1264 80 1264 144 1 100000 0.5099 Resistance
w 816 16 1232 16 0
w 1232 160 1232 80 0
w 1232 48 1232 80 0
w 1232 80 1264 80 0
g 1264 144 1264 176 0 0
w 1280 112 1296 112 0
w 1296 160 1296 112 0
o 118 64 0 4099 5 0.0001953125 0 2 118 3
o 63 64 0 4099 2.5 0.00009765625 1 2 63 3
o 43 64 0 4099 5 0.00009765625 2 2 43 3
